      8 54
      3 55
      4 56
      9 57
     10 58
      1 59
      3 60
      1 61
      3 62
      2 63
     14 64
      5 65
      5 66
      1 67
      1 68
      3 69
      4 70
      4 71
      1 72
      4 73
      5 74
      3 75
      3 76
      1 77
      6 78
      8 79
      9 80
     12 81
      2 82
      6 83
      4 84
      5 85
      3 86
      9 87
      8 88
      4 89
      6 90
      9 91
     11 92
      9 93
    255 94
     57 95
     17 96
     13 97
     18 98
     16 99
     31 100
     49 101
     89 102
     21 103
      8 104
     17 105
     39 106
     25 107
     46 108
     36 109
     23 110
     41 111
     28 112
     59 113
     40 114
     30 115
     23 116
     19 117
     16 118
     82 119
     33 120
     15 121
     23 122
     20 123
     72 124
     20 125
     19 126
     24 127
     36 128
     41 129
     54 130
     27 131
     36 132
     30 133
     34 134
     65 135
     18 136
     24 137
     22 138
     38 139
     16 140
     19 141
      6 142
     14 143
     36 144
     55 145
    882 146
     17 147
     69 148
     14 149
     21 150
     15 151
     12 152
     32 153
     20 154
     16 155
     39 156
     16 157
     14 158
     29 159
     24 160
     28 161
     35 162
     25 163
   3930 164
     28 165
     15 166
     17 167
     26 168
     29 169
      9 170
     49 171
     16 172
     15 173
     18 174
     19 175
     17 176
     38 177
     16 178
     29 179
     31 180
     14 181
     22 182
     41 183
    259 184
     22 185
     67 186
    109 187
     29 188
     46 189
     22 190
     21 191
     42 192
     53 193
     20 194
     32 195
     24 196
     24 197
     36 198
     32 199
    149 200
     67 201
     42 202
     30 203
    249 204
     57 205
     63 206
    111 207
    105 208
     56 209
    121 210
     39 211
     64 212
    123 213
     57 214
     87 215
    114 216
     73 217
     59 218
    252 219
   4739 220
   1688 221
    677 222
    256 223
    102 224
     99 225
    222 226
     68 227
     84 228
     76 229
     76 230
     82 231
    304 232
     74 233
    132 234
     50 235
    103 236
    127 237
     50 238
     49 239
    168 240
     47 241
    152 242
    298 243
     82 244
    106 245
     93 246
     70 247
     69 248
    112 249
     74 250
    113 251
     97 252
    103 253
     67 254
    143 255
     81 256
     73 257
    167 258
    133 259
    111 260
    158 261
    120 262
     76 263
    196 264
     94 265
     94 266
    184 267
    116 268
    208 269
    376 270
    163 271
    128 272
    213 273
    128 274
    160 275
    399 276
    159 277
    229 278
    257 279
    180 280
    264 281
    283 282
    224 283
    191 284
    332 285
    145 286
    123 287
    200 288
    138 289
    420 290
    377 291
    169 292
    177 293
    285 294
    189 295
    187 296
    352 297
    183 298
    127 299
    272 300
    134 301
    278 302
    373 303
    179 304
    141 305
    277 306
   5916 307
    271 308
    305 309
    309 310
    175 311
   3356 312
   8052 313
   1782 314
   1500 315
    147 316
    129 317
    717 318
    212 319
    172 320
    205 321
    219 322
    106 323
    221 324
    529 325
    170 326
    206 327
    172 328
    405 329
    263 330
    126 331
    112 332
    256 333
    124 334
    167 335
    345 336
    142 337
    474 338
    303 339
    181 340
    117 341
    722 342
    118 343
    171 344
    693 345
    180 346
    124 347
    234 348
     87 349
    172 350
    551 351
    260 352
    137 353
    361 354
    144 355
    187 356
    199 357
    179 358
    439 359
    424 360
   1120 361
    171 362
    472 363
    218 364
    186 365
    842 366
    190 367
    206 368
    372 369
    215 370
    544 371
    415 372
    241 373
    179 374
    961 375
    204 376
    216 377
    604 378
    478 379
    317 380
    775 381
    259 382
    199 383
   1283 384
    541 385
    650 386
    750 387
    181 388
    211 389
    975 390
    281 391
    950 392
    628 393
    323 394
    286 395
    684 396
    237 397
    391 398
   1192 399
    844 400
    643 401
   1089 402
   1854 403
    484 404
   1119 405
    390 406
  10144 407
   1025 408
    286 409
    524 410
   1029 411
    448 412
    268 413
    869 414
    791 415
    574 416
   1934 417
    616 418
   1038 419
   1173 420
   1525 421
    478 422
   1312 423
    458 424
    404 425
   1674 426
    368 427
    338 428
   1030 429
    522 430
    413 431
   1225 432
    315 433
    302 434
   1973 435
    355 436
    537 437
   1970 438
    783 439
    405 440
   1948 441
    445 442
    500 443
   1391 444
    791 445
   1793 446
   1470 447
    635 448
   1173 449
   2193 450
   1321 451
   1092 452
   2654 453
    911 454
   1570 455
   3895 456
    976 457
   1303 458
   3027 459
    945 460
    974 461
   4855 462
   2270 463
   1410 464
   3692 465
    909 466
   1222 467
   4514 468
   1125 469
   1214 470
   3988 471
   1369 472
   1177 473
   3357 474
    908 475
   1269 476
   2600 477
   1036 478
    841 479
   3401 480
   1178 481
   1021 482
   1932 483
    984 484
   1002 485
   2298 486
    588 487
    642 488
   1483 489
    679 490
    565 491
   1488 492
   1210 493
   1207 494
   1602 495
    953 496
    695 497
   1805 498
   1906 499
    984 500
   2328 501
   1817 502
   1138 503
   2386 504
   1583 505
    767 506
   2987 507
   1232 508
   1002 509
   5321 510
   1322 511
   1509 512
   7145 513
   1718 514
   1377 515
   8848 516
   1599 517
   1719 518
   8103 519
   1808 520
   1729 521
  10048 522
   1418 523
   2356 524
  10672 525
   1655 526
   1375 527
   9843 528
   1631 529
   1858 530
  10273 531
   1993 532
   2031 533
  13309 534
   2088 535
   2227 536
  14005 537
   1863 538
   1958 539
  14781 540
   1880 541
   1738 542
  12061 543
   3054 544
   3086 545
  18372 546
   2422 547
   3049 548
  19680 549
   6259 550
   3343 551
  28421 552
   2517 553
   2554 554
  36356 555
   4221 556
   3101 557
  17229 558
   3360 559
   3358 560
  19777 561
   5640 562
   4036 563
  61223 564
   7962 565
   4777 566
  39601 567
   4300 568
   3512 569
  20169 570
   5197 571
   4578 572
  30119 573
   5659 574
   5624 575
 105030 576
  14266 577
   6119 578
  84494 579
   8211 580
   7329 581
  62143 582
  10813 583
   6807 584
  38251 585
   6547 586
   6382 587
 181563 588
  29215 589
  12112 590
  80599 591
  19152 592
   9162 593
  26075 594
   5759 595
   5407 596
   8490 597
   3515 598
   5859 599
  25152 600
   9145 601
   6985 602
  16698 603
   4781 604
   6043 605
  12866 606
   5077 607
   6196 608
  16611 609
   6298 610
   9926 611
  15985 612
   8829 613
  21353 614
  10914 615
   5153 616
   6349 617
  14082 618
   6788 619
   6941 620
  17613 621
   7720 622
   6560 623
  14255 624
   8920 625
   7194 626
  19507 627
   9624 628
  11942 629
  21247 630
  12056 631
  32553 632
  21206 633
  10407 634
   8363 635
  15107 636
  11775 637
   8749 638
  10676 639
   8853 640
   7619 641
   9247 642
   9008 643
   5977 644
   9518 645
   7874 646
   5764 647
  16734 648
  15163 649
   8258 650
  23360 651
  83829 652
  19603 653
  39855 654
  56687 655
  10265 656
  75109 657
 896172 658
   4169 659
   5671 660
   5663 661
   1737 662
   2513 663
   1857 664
   1546 665
   1938 666
   1771 667
   1655 668
   2333 669
   2038 670
   1124 671
   2328 672
   1114 673
   1603 674
   2848 675
   3488 676
   1770 677
   1999 678
   1484 679
   3307 680
   1876 681
   1583 682
   1693 683
   1576 684
   1208 685
   1568 686
   1001 687
   1217 688
    609 689
   1688 690
    580 691
    435 692
    881 693
   3137 694
    443 695
    907 696
    355 697
    287 698
    720 699
    886 700
    847 701
    705 702
    565 703
    340 704
   1039 705
   1358 706
    835 707
    374 708
   1177 709
    259 710
    544 711
    436 712
    209 713
    381 714
    193 715
    340 716
    372 717
    124 718
    205 719
    210 720
   1101 721
    349 722
    530 723
    220 724
    126 725
    197 726
    695 727
     61 728
    125 729
    378 730
     95 731
    162 732
    124 733
     53 734
     95 735
    133 736
    297 737
     96 738
    180 739
    149 740
    201 741
     36 742
     94 743
    392 744
     95 745
    147 746
    195 747
     46 748
    120 749
     89 750
    168 751
    330 752
    108 753
    845 754
    144 755
    299 756
    173 757
     74 758
    278 759
    136 760
     36 761
    135 762
    386 763
     44 764
    133 765
    299 766
    187 767
    284 768
    142 769
     95 770
    120 771
    138 772
    128 773
    159 774
    282 775
    110 776
    226 777
     67 778
     57 779
    265 780
     41 781
     72 782
    281 783
    218 784
     65 785
    139 786
     80 787
    127 788
    316 789
    239 790
     87 791
    370 792
    103 793
     77 794
    157 795
     59 796
    160 797
    204 798
    136 799
     63 800
    175 801
    111 802
    232 803
    192 804
     66 805
    580 806
    586 807
    397 808
     95 809
    354 810
    456 811
    170 812
    143 813
    360 814
    382 815
    207 816
    189 817
    115 818
    459 819
    505 820
     49 821
    180 822
    134 823
     76 824
    257 825
    405 826
     55 827
    148 828
     57 829
     61 830
    980 831
     76 832
     29 833
     36 834
    105 835
     63 836
     93 837
    265 838
    111 839
    153 840
    257 841
     37 842
    173 843
    111 844
    181 845
    194 846
    246 847
    228 848
    267 849
    272 850
     37 851
    102 852
     79 853
     53 854
    108 855
    530 856
     25 857
     80 858
    301 859
     33 860
     68 861
    205 862
     42 863
    158 864
    111 865
     54 866
    266 867
    137 868
    330 869
    111 870
    113 871
     44 872
    283 873
    105 874
    104 875
     37 876
     63 877
     54 878
     73 879
    510 880
     34 881
    111 882
    266 883
     49 884
    484 885
    204 886
     26 887
    120 888
     34 889
     42 890
    166 891
     98 892
     41 893
     87 894
    155 895
     85 896
   1852 897
   1838 898
     50 899
    454 900
    157 901
     48 902
    351 903
    154 904
     85 905
     39 906
    325 907
    142 908
    333 909
     83 910
     30 911
    127 912
     22 913
    176 914
     23 915
     34 916
     24 917
     81 918
     22 919
    107 920
     96 921
    158 922
      5 923
    227 924
     21 925
     66 926
     51 927
     40 928
      8 929
     48 930
    251 931
     23 932
     87 933
     55 934
    103 935
     91 936
     64 937
     39 938
     61 939
    147 940
     16 941
    140 942
     31 943
     16 944
     68 945
     21 946
     11 947
     51 948
     16 949
     24 950
     71 951
     14 952
     12 953
    195 954
      9 955
     86 956
    434 957
     19 958
     49 959
     37 960
     13 961
     17 962
    338 963
     53 964
     18 965
    212 966
     13 967
     59 968
    866 969
     88 970
     26 971
    109 972
     37 973
     12 974
     74 975
     22 976
     16 977
    114 978
    393 979
     62 980
     34 981
     14 982
     28 983
    532 984
     96 985
     83 986
     59 987
     88 988
    112 989
     53 990
     35 991
      7 992
     47 993
      8 994
    816 995
     26 996
     23 997
     17 998
    101 999
  10756 1000
     17 1001
     27 1002
      7 1003
      7 1004
     44 1005
     75 1006
     23 1007
     44 1008
     30 1009
     14 1010
     55 1011
     14 1012
      9 1013
     13 1014
     18 1015
      6 1016
     70 1017
      4 1018
     70 1019
     65 1020
     14 1021
     11 1022
    125 1023
     12 1024
     55 1025
     99 1026
    156 1027
     12 1028
     58 1029
    144 1030
      9 1031
     38 1032
     12 1033
    238 1034
     87 1035
     10 1036
     24 1037
    314 1038
     16 1039
     13 1040
    203 1041
     15 1042
     45 1043
    167 1044
     11 1045
     12 1046
    112 1047
     20 1048
     16 1049
    116 1050
      9 1051
     15 1052
    297 1053
    568 1054
      9 1055
     11 1056
     34 1057
     51 1058
     53 1059
     13 1060
      8 1061
     11 1062
     11 1063
     26 1064
     98 1065
      7 1066
      4 1067
     13 1068
     53 1069
      6 1070
     35 1071
     20 1072
     12 1073
     17 1074
    394 1075
    264 1076
    262 1077
    384 1078
     25 1079
    140 1080
     18 1081
     27 1082
    107 1083
     54 1084
     44 1085
     61 1086
     18 1087
     21 1088
     22 1089
      8 1090
     73 1091
     21 1092
     36 1093
     23 1094
     80 1095
     13 1096
      5 1097
     35 1098
     45 1099
     13 1100
     12 1101
      4 1102
      6 1103
     13 1104
      9 1105
     18 1106
    210 1107
      5 1108
      7 1109
     54 1110
     91 1111
     31 1112
   1069 1113
      4 1114
     38 1115
     12 1116
     30 1117
      2 1118
     15 1119
      8 1120
      5 1121
     11 1122
      9 1123
      5 1124
     20 1125
     17 1126
     14 1127
     53 1128
      8 1129
     10 1130
    141 1131
      7 1132
     22 1133
     27 1134
     18 1135
     18 1136
     23 1137
      9 1138
      8 1139
    231 1140
     18 1141
     35 1142
    276 1143
     93 1144
      4 1145
     91 1146
     12 1147
     16 1148
     24 1149
      2 1150
     21 1151
     59 1152
    161 1153
      2 1154
     10 1155
     12 1156
     12 1157
     21 1158
     43 1159
      4 1160
     37 1161
     10 1162
     10 1163
     62 1164
      5 1165
     16 1166
     82 1167
     12 1168
      8 1169
    111 1170
     22 1171
     18 1172
     94 1173
     12 1174
      6 1175
     28 1176
     11 1177
     11 1178
     26 1179
     63 1180
     98 1181
    164 1182
     68 1183
     15 1184
     35 1185
     21 1186
     64 1187
     30 1188
     32 1189
     99 1190
    220 1191
     22 1192
     34 1193
    257 1194
     22 1195
     44 1196
    190 1197
     38 1198
    161 1199
     98 1200
     85 1201
     31 1202
     37 1203
     12 1204
     56 1205
    102 1206
     41 1207
    108 1208
    236 1209
     54 1210
     54 1211
     44 1212
     35 1213
      6 1214
    119 1215
     82 1216
    212 1217
     94 1218
     23 1219
    113 1220
     46 1221
     98 1222
     32 1223
    117 1224
     16 1225
     90 1226
     48 1227
     10 1228
     16 1229
     65 1230
      9 1231
    341 1232
     37 1233
     11 1234
     59 1235
     32 1236
     66 1237
    310 1238
    126 1239
     17 1240
     36 1241
     17 1242
      2 1243
     23 1244
     33 1245
     10 1246
     83 1247
     25 1248
    292 1249
      3 1250
     19 1251
     18 1252
     23 1253
     14 1254
     64 1255
     39 1256
     48 1257
     26 1258
    103 1259
    176 1260
    135 1261
     11 1262
      7 1263
     18 1264
    137 1265
      8 1266
    145 1267
      5 1268
      6 1269
     47 1270
    189 1271
     47 1272
     13 1273
      6 1274
      6 1275
     61 1276
     32 1277
      8 1278
     10 1279
      3 1280
     48 1281
      5 1282
      4 1283
      6 1284
     11 1285
     10 1286
      8 1287
     86 1288
      5 1289
      4 1290
     27 1291
     15 1292
      8 1293
      7 1294
     24 1295
     61 1296
      5 1297
     17 1298
     61 1299
      2 1300
      1 1301
      6 1302
      7 1303
      3 1304
     20 1305
      2 1306
      2 1307
     97 1308
      2 1309
      3 1310
      3 1311
      3 1312
     13 1313
      4 1314
     73 1315
     96 1316
      6 1317
      5 1318
     36 1319
      3 1320
      2 1321
     70 1322
      4 1323
      2 1324
     32 1325
      1 1326
      2 1327
      3 1328
     25 1329
      1 1330
      2 1331
      4 1332
      2 1333
      2 1334
      1 1335
      1 1336
     23 1337
      3 1338
      1 1339
      1 1342
      1 1343
      8 1344
     11 1346
     32 1347
      4 1348
      3 1350
      2 1351
     19 1352
     10 1353
      2 1354
      2 1355
      6 1356
     24 1357
      1 1358
      4 1359
      3 1360
      9 1361
     12 1362
      2 1363
     17 1364
     26 1365
      1 1366
      1 1367
     71 1368
      3 1369
      5 1370
    152 1371
     26 1372
      9 1373
     71 1374
     94 1375
      6 1376
     57 1377
      6 1378
      1 1379
      8 1380
      1 1381
      2 1382
     21 1383
      2 1384
      2 1385
      7 1387
      2 1388
      3 1389
      1 1390
      2 1392
     25 1393
      2 1394
     17 1395
      7 1396
      2 1397
      9 1398
     19 1399
      8 1400
      2 1401
     12 1402
      4 1403
     73 1404
     24 1405
      9 1406
      7 1407
     17 1408
      2 1409
     10 1410
      5 1411
      7 1412
     13 1413
     93 1414
      4 1415
     42 1416
      3 1417
     20 1418
     20 1419
     13 1420
     29 1421
      8 1422
     47 1423
     47 1424
     25 1425
     15 1426
     19 1427
     48 1428
     14 1429
     57 1430
     16 1431
      6 1432
     28 1433
     12 1434
     19 1435
     16 1436
      6 1437
     19 1438
      6 1439
     89 1440
     11 1441
      8 1442
     66 1443
    148 1444
     56 1445
     12 1446
      5 1447
     19 1448
      9 1449
     11 1450
     14 1451
     31 1452
     41 1453
     10 1454
     21 1455
     13 1456
     15 1457
     39 1458
     14 1459
     27 1460
    102 1461
      7 1462
     55 1463
   1069 1464
     19 1465
     49 1466
     57 1467
      1 1468
     42 1469
     17 1470
     18 1471
      8 1472
     28 1473
     60 1474
    126 1475
    409 1476
      8 1477
     23 1478
     15 1479
     17 1480
     18 1481
     34 1482
     11 1483
      3 1484
     20 1485
     11 1486
     18 1487
    667 1488
     25 1489
      9 1490
    143 1491
      5 1492
     89 1493
    165 1494
     57 1495
    302 1496
     82 1497
     26 1498
      9 1499
    172 1500
     40 1501
     20 1502
     51 1503
     12 1504
     13 1505
     16 1506
     32 1507
     24 1508
     51 1509
     57 1510
      7 1511
     15 1512
     10 1513
     12 1514
     29 1515
      8 1516
     41 1517
     88 1518
     17 1519
      8 1520
     93 1521
     17 1522
      9 1523
     91 1524
     42 1525
     19 1526
    151 1527
     90 1528
     16 1529
    530 1530
    365 1531
     28 1532
   1332 1533
    610 1534
    118 1535
    932 1536
    383 1537
     31 1538
   2936 1539
    265 1540
     18 1541
  12377 1542
    410 1543
     16 1544
   1244 1545
     52 1546
     25 1547
   5702 1548
     35 1549
     34 1550
   1401 1551
     19 1552
      5 1553
    953 1554
     13 1555
     11 1556
    656 1557
     13 1558
      1 1559
    273 1560
     59 1561
    434 1563
      7 1564
      2 1565
    197 1566
      8 1567
     71 1569
      3 1570
     68 1572
     13 1573
      2 1574
    139 1575
     15 1576
     74 1578
      2 1579
     26 1581
      9 1582
     28 1583
     59 1584
      2 1585
      1 1586
     74 1587
    182 1590
      1 1591
    186 1593
     23 1594
      2 1595
     18 1596
     41 1597
      1 1598
    307 1599
      1 1600
     96 1602
      4 1603
     67 1605
      9 1606
     24 1608
      6 1609
     15 1611
      1 1612
      1 1613
     40 1614
     60 1617
      1 1618
     39 1620
     11 1623
     13 1626
      1 1627
      8 1629
      2 1632
      2 1635
      1 1636
     10 1638
      1 1640
      9 1641
     15 1644
      4 1647
     29 1650
      1 1651
     83 1653
      2 1656
      1 1659
      9 1662
      1 1666
     12 1668
      1 1671
      4 1674
      3 1677
      2 1680
      2 1683
      1 1686
      6 1689
     12 1707
      8 1710
      3 1713
      2 1716
      5 1719
      3 1722
      1 1723
      1 1725
      1 1731
      2 1734
      1 1735
      4 1737
      5 1740
      2 1746
      5 1749
      4 1752
      4 1755
      1 1756
      1 1761
      3 1764
      2 1769
     30 1770
      2 1785
      3 1796
      1 1797
     16 1803
      1 1806
      2 1818
      2 1819
     47 1821
      1 1848
      1 1855
      1 1935
      2 1974
      1 1989
      1 2070
      1 2082
      1 2247
      2 2298
      1 2401
      1 2412
      2 2426
      1 2432
      3 2542
      7 2543
      1 2785
      3 2787
      1 2789
      1 2797
      1 2829
      1 2847
      1 2863
      1 2867
      1 2916
      2 2926
      2 3193
      1 3957
      1 6350
      1 7659
