      8 54
      3 55
      4 56
      6 57
     10 58
      1 59
      2 60
      1 61
      3 62
      1 63
      4 65
      4 66
      1 67
      1 68
      3 69
      4 70
      4 71
      1 72
      3 73
      5 74
      4 75
      3 76
      1 77
      6 78
      4 79
      8 80
      4 81
      3 82
      3 83
      5 84
      5 85
      3 86
      8 87
      5 88
      4 89
      6 90
      6 91
      9 92
      7 93
    231 94
     56 95
     16 96
     12 97
     13 98
     16 99
     13 100
     22 101
     13 102
     10 103
      7 104
     11 105
     28 106
     14 107
     19 108
     14 109
     11 110
     20 111
     12 112
     17 113
     21 114
    109 115
     22 116
    200 117
     14 118
    173 119
     32 120
     13 121
     23 122
     21 123
     67 124
     18 125
     19 126
     20 127
     36 128
     40 129
     44 130
     26 131
     36 132
     25 133
     34 134
     65 135
     17 136
     21 137
     19 138
     37 139
     16 140
     18 141
      7 142
     14 143
     32 144
     55 145
    881 146
     17 147
     68 148
     14 149
     18 150
     15 151
     12 152
     32 153
     20 154
     15 155
     39 156
     14 157
     13 158
     27 159
     24 160
     27 161
     30 162
     19 163
   3916 164
     30 165
     15 166
     19 167
     24 168
     29 169
      9 170
     44 171
     15 172
     13 173
     15 174
     18 175
     16 176
     33 177
     15 178
     26 179
     27 180
     14 181
     21 182
     42 183
    253 184
     21 185
     54 186
     31 187
     28 188
     43 189
     20 190
     19 191
     41 192
     51 193
     18 194
     24 195
     23 196
     12 197
     35 198
     33 199
    148 200
     67 201
     40 202
     28 203
    246 204
     62 205
     59 206
     91 207
    105 208
     54 209
    121 210
     37 211
     61 212
    210 213
     55 214
     87 215
    111 216
     71 217
     56 218
    251 219
   4731 220
   1687 221
    675 222
    254 223
    101 224
     97 225
    221 226
     63 227
     83 228
     74 229
     73 230
     81 231
    243 232
     68 233
    128 234
     41 235
     98 236
    121 237
     50 238
     47 239
    163 240
     46 241
    147 242
    293 243
     74 244
    105 245
     89 246
     69 247
     69 248
    110 249
     70 250
    108 251
     89 252
     97 253
     64 254
    130 255
     55 256
     71 257
    159 258
     93 259
    106 260
    152 261
    118 262
     70 263
    181 264
     91 265
     80 266
    170 267
    107 268
    192 269
    343 270
    136 271
    118 272
    201 273
    113 274
    139 275
    369 276
    135 277
    220 278
    249 279
    158 280
    236 281
    267 282
    199 283
    179 284
    319 285
    131 286
    115 287
    184 288
    121 289
    370 290
    359 291
    141 292
    153 293
    265 294
    171 295
    182 296
    357 297
    176 298
    123 299
    261 300
    124 301
     94 302
    359 303
    173 304
    130 305
    262 306
   5852 307
    265 308
    301 309
    308 310
    168 311
   3348 312
   8042 313
   1775 314
   1500 315
    140 316
    119 317
    732 318
    188 319
    179 320
    187 321
    209 322
    101 323
    216 324
    518 325
    164 326
    198 327
    168 328
    409 329
    270 330
    124 331
    113 332
    260 333
    126 334
    167 335
    338 336
    140 337
    474 338
    302 339
    182 340
    113 341
    723 342
    110 343
    170 344
    685 345
    180 346
    122 347
    226 348
     85 349
    168 350
    545 351
    262 352
    132 353
    368 354
    130 355
    187 356
    194 357
    173 358
    439 359
    419 360
   1116 361
    166 362
    454 363
    204 364
    176 365
    834 366
    164 367
    203 368
    360 369
    204 370
    538 371
    405 372
    229 373
    165 374
    933 375
    193 376
    207 377
    594 378
    456 379
    300 380
    706 381
    245 382
    190 383
   1265 384
    524 385
    650 386
    770 387
    174 388
    198 389
    961 390
    265 391
    940 392
    608 393
    319 394
    277 395
    679 396
    226 397
    382 398
   1185 399
    831 400
    633 401
   1080 402
   1846 403
    479 404
   1115 405
    380 406
  10097 407
   1002 408
    292 409
    520 410
   1017 411
    444 412
    268 413
    876 414
    786 415
    567 416
   1930 417
    592 418
    748 419
   1178 420
   1485 421
    472 422
   1310 423
    447 424
    396 425
   1665 426
    355 427
    337 428
   1028 429
    517 430
    413 431
   1216 432
    317 433
    356 434
   1966 435
    354 436
    533 437
   1959 438
    757 439
    398 440
   1935 441
    444 442
    492 443
   1388 444
    785 445
   1783 446
   1470 447
    634 448
   1161 449
   2183 450
   1311 451
   1082 452
   2650 453
    911 454
   1566 455
   3886 456
    967 457
   1295 458
   3012 459
    941 460
    971 461
   4857 462
   2228 463
   1410 464
   3672 465
    894 466
   1217 467
   4505 468
   1126 469
   1201 470
   3980 471
   1365 472
   1167 473
   3357 474
    901 475
   1264 476
   2569 477
   1020 478
    832 479
   3402 480
   1165 481
   1013 482
   1925 483
    978 484
    996 485
   2291 486
    578 487
    628 488
   1472 489
    663 490
    556 491
   1478 492
   1200 493
   1181 494
   1596 495
    941 496
    683 497
   1795 498
   1883 499
    969 500
   2312 501
   1790 502
   1106 503
   2368 504
   1553 505
    746 506
   2963 507
   1211 508
    985 509
   5301 510
   1293 511
   1487 512
   7114 513
   1688 514
   1347 515
   8825 516
   1570 517
   1682 518
   8064 519
   1779 520
   1686 521
  10006 522
   1386 523
   2308 524
  10641 525
   1614 526
   1337 527
   9818 528
   1604 529
   1823 530
  10230 531
   1968 532
   2005 533
  13266 534
   2053 535
   2191 536
  13981 537
   1810 538
   1927 539
  14709 540
   1819 541
   1696 542
  12017 543
   3022 544
   3046 545
  18328 546
   2400 547
   3007 548
  19626 549
   6223 550
   3299 551
  28364 552
   2458 553
   2489 554
  36311 555
   4154 556
   3014 557
  17156 558
   3279 559
   3291 560
  19694 561
   5572 562
   3945 563
  61128 564
   7894 565
   4693 566
  39510 567
   4203 568
   3417 569
  20044 570
   5069 571
   4430 572
  29900 573
   5526 574
   5481 575
 104863 576
  14136 577
   5976 578
  84356 579
   8061 580
   7188 581
  61965 582
  10639 583
   6664 584
  38058 585
   6394 586
   6217 587
 181396 588
  29049 589
  11864 590
  80421 591
  18937 592
   9195 593
  25711 594
   5388 595
   4987 596
   8270 597
   3347 598
   5605 599
  24899 600
   8317 601
   6818 602
  16482 603
   4589 604
   5744 605
  12559 606
   4892 607
   5819 608
  15972 609
   6059 610
   9646 611
  15866 612
   8534 613
  21136 614
  10695 615
   4823 616
   5890 617
  13714 618
   6628 619
   7317 620
  17106 621
   7419 622
   6396 623
  13947 624
   8723 625
   6799 626
  18705 627
   9403 628
  11680 629
  20739 630
  11667 631
  31533 632
  21156 633
  10327 634
   8113 635
  14564 636
  11558 637
   8519 638
  10393 639
   8648 640
   7339 641
   9074 642
   8681 643
   5573 644
   8960 645
   7441 646
   5337 647
  15882 648
  14853 649
   7689 650
  22555 651
  84849 652
  19153 653
  40276 654
  56856 655
   9093 656
  80354 657
 902622 658
   7141 659
  14556 660
   6602 661
   2466 662
   2681 663
   1849 664
   1495 665
   2028 666
   1952 667
   1633 668
   2440 669
   1972 670
   1700 671
   2320 672
   1507 673
   1581 674
   3102 675
   3685 676
   1982 677
   2232 678
   1456 679
   3299 680
   1809 681
   1570 682
   1687 683
   1567 684
   1194 685
   1560 686
    992 687
   1670 688
    605 689
   1682 690
    568 691
    419 692
    854 693
   4005 694
    462 695
   1258 696
    390 697
    287 698
    720 699
    931 700
    847 701
    705 702
    564 703
    340 704
   1035 705
   1355 706
    832 707
    375 708
   1175 709
    262 710
    544 711
    435 712
    208 713
    379 714
    193 715
    339 716
    387 717
    120 718
    195 719
    195 720
   1097 721
    343 722
    530 723
    215 724
    115 725
    260 726
    695 727
     59 728
    125 729
    379 730
     94 731
    161 732
    123 733
     50 734
     94 735
    106 736
    297 737
     96 738
    181 739
    148 740
    202 741
     35 742
     95 743
    392 744
     96 745
    147 746
    195 747
     46 748
    120 749
     88 750
    169 751
    329 752
    110 753
    845 754
    144 755
    299 756
    173 757
     74 758
    278 759
    136 760
     35 761
    136 762
    386 763
     44 764
    132 765
    298 766
    187 767
    284 768
    142 769
     95 770
    120 771
    138 772
    128 773
    160 774
    283 775
    111 776
    226 777
     67 778
     57 779
    265 780
     41 781
     72 782
    281 783
    218 784
     65 785
    138 786
     80 787
    127 788
    316 789
    239 790
     87 791
    369 792
    103 793
     77 794
    158 795
     59 796
    160 797
    207 798
    136 799
     63 800
    176 801
    111 802
    234 803
    192 804
    328 805
    580 806
    586 807
    396 808
     94 809
    354 810
    458 811
    170 812
    142 813
    360 814
    382 815
    208 816
    189 817
    115 818
    459 819
    505 820
     48 821
    180 822
    134 823
     76 824
    257 825
    405 826
     55 827
    148 828
     57 829
     61 830
    980 831
     76 832
     29 833
     36 834
    105 835
     63 836
     93 837
    265 838
    111 839
    452 840
    269 841
     37 842
    178 843
    125 844
    192 845
    194 846
    247 847
    227 848
    267 849
    272 850
     37 851
    102 852
     79 853
     53 854
    108 855
    530 856
     25 857
     76 858
    305 859
     33 860
     67 861
    206 862
     42 863
    158 864
    111 865
     54 866
    266 867
    137 868
    330 869
    110 870
    113 871
     44 872
    283 873
    105 874
    105 875
     37 876
     63 877
     54 878
     72 879
    511 880
     34 881
    111 882
    266 883
     48 884
    485 885
    204 886
     26 887
    120 888
     34 889
     42 890
    166 891
     98 892
     40 893
     87 894
    154 895
     83 896
   1851 897
   1835 898
     51 899
    481 900
    156 901
     49 902
    352 903
    156 904
     87 905
     42 906
    325 907
    141 908
    334 909
     83 910
     30 911
    127 912
     22 913
    176 914
     23 915
     34 916
     24 917
     81 918
     22 919
    107 920
     96 921
    158 922
      5 923
    227 924
     21 925
     66 926
     51 927
     40 928
      8 929
     48 930
    251 931
     23 932
     87 933
     55 934
    103 935
     91 936
     64 937
     39 938
     61 939
    147 940
     16 941
    140 942
     31 943
     16 944
     68 945
     21 946
     11 947
     51 948
     16 949
     24 950
     71 951
     14 952
     12 953
    195 954
      9 955
     86 956
    434 957
     19 958
     49 959
     37 960
     13 961
     17 962
    338 963
     53 964
     18 965
    212 966
     13 967
     59 968
    866 969
     88 970
     26 971
    109 972
     37 973
     12 974
     74 975
     22 976
     16 977
    114 978
    393 979
     62 980
     34 981
     14 982
     28 983
    532 984
     96 985
     83 986
     59 987
     88 988
    112 989
     53 990
     35 991
      7 992
     47 993
      8 994
    816 995
     26 996
     23 997
     17 998
    100 999
  10764 1000
     17 1001
     27 1002
      7 1003
      7 1004
     44 1005
     75 1006
     23 1007
     44 1008
     30 1009
     14 1010
     55 1011
     14 1012
      9 1013
     13 1014
     18 1015
      6 1016
     70 1017
      4 1018
     70 1019
     65 1020
     14 1021
     11 1022
    125 1023
     12 1024
     55 1025
     99 1026
    156 1027
     12 1028
     58 1029
    144 1030
      9 1031
     38 1032
     12 1033
    238 1034
     87 1035
     10 1036
     24 1037
    314 1038
     16 1039
     13 1040
    203 1041
     15 1042
     45 1043
    167 1044
     11 1045
     12 1046
    112 1047
     20 1048
     16 1049
    116 1050
      9 1051
     15 1052
    297 1053
    568 1054
      9 1055
     11 1056
     34 1057
     51 1058
     53 1059
     13 1060
      8 1061
     11 1062
     11 1063
     26 1064
     98 1065
      7 1066
      4 1067
     13 1068
     53 1069
      5 1070
     36 1071
     20 1072
     12 1073
     17 1074
    394 1075
    264 1076
    262 1077
    384 1078
     25 1079
    140 1080
     18 1081
     27 1082
    107 1083
     54 1084
     44 1085
     61 1086
     18 1087
     21 1088
     22 1089
      8 1090
     73 1091
     21 1092
     36 1093
     23 1094
     80 1095
     13 1096
      5 1097
     35 1098
     45 1099
     13 1100
     12 1101
      4 1102
      6 1103
     13 1104
      9 1105
     18 1106
    210 1107
      5 1108
      7 1109
     54 1110
     91 1111
     31 1112
   1069 1113
      4 1114
     38 1115
     12 1116
     30 1117
      2 1118
     15 1119
      8 1120
      5 1121
     11 1122
      9 1123
      5 1124
     20 1125
     17 1126
     14 1127
     53 1128
      8 1129
     10 1130
    141 1131
      7 1132
     22 1133
     27 1134
     18 1135
     18 1136
     23 1137
      9 1138
      8 1139
    231 1140
     18 1141
     35 1142
    276 1143
     93 1144
      4 1145
     91 1146
     12 1147
     16 1148
     24 1149
      2 1150
     21 1151
     59 1152
    161 1153
      2 1154
     10 1155
     12 1156
     12 1157
     21 1158
     43 1159
      4 1160
     37 1161
     10 1162
     10 1163
     62 1164
      5 1165
     16 1166
     82 1167
     12 1168
      8 1169
    111 1170
     22 1171
     18 1172
     94 1173
     12 1174
      6 1175
     28 1176
     11 1177
     11 1178
     26 1179
     63 1180
     98 1181
    164 1182
     68 1183
     15 1184
     35 1185
     21 1186
     64 1187
     30 1188
     32 1189
     99 1190
    220 1191
     22 1192
     34 1193
    257 1194
     22 1195
     44 1196
    190 1197
     38 1198
    161 1199
     98 1200
     85 1201
     31 1202
     37 1203
     12 1204
     56 1205
    102 1206
     41 1207
    108 1208
    236 1209
     54 1210
     54 1211
     44 1212
     35 1213
      6 1214
    118 1215
     82 1216
    212 1217
     94 1218
     23 1219
    113 1220
     46 1221
     98 1222
     32 1223
    117 1224
     16 1225
     90 1226
     48 1227
      9 1228
     17 1229
     65 1230
      9 1231
    341 1232
     37 1233
     11 1234
     59 1235
     32 1236
     66 1237
    310 1238
    126 1239
     17 1240
     36 1241
     17 1242
      2 1243
     23 1244
     30 1245
     10 1246
     83 1247
     25 1248
    292 1249
      3 1250
     19 1251
     18 1252
     23 1253
     14 1254
     64 1255
     39 1256
     48 1257
     26 1258
    103 1259
    176 1260
    135 1261
     11 1262
      7 1263
     18 1264
    137 1265
      8 1266
    145 1267
      5 1268
      5 1269
     47 1270
    189 1271
     47 1272
     13 1273
      6 1274
      6 1275
     61 1276
     32 1277
      8 1278
     10 1279
      3 1280
     48 1281
      5 1282
      4 1283
      6 1284
     11 1285
     10 1286
      8 1287
     86 1288
      5 1289
      4 1290
     27 1291
     15 1292
      8 1293
      7 1294
     23 1295
     62 1296
      5 1297
     17 1298
     61 1299
      2 1300
      1 1301
      6 1302
      7 1303
      3 1304
     20 1305
      2 1306
      2 1307
     97 1308
      2 1309
      3 1310
      3 1311
      3 1312
     13 1313
      4 1314
     73 1315
     96 1316
      6 1317
      5 1318
     36 1319
      3 1320
      2 1321
     70 1322
      4 1323
      2 1324
     32 1325
      1 1326
      2 1327
      3 1328
     25 1329
      1 1330
      2 1331
      4 1332
      2 1333
      2 1334
      1 1335
      1 1336
     23 1337
      3 1338
      1 1339
      1 1342
      1 1343
      8 1344
     11 1346
     32 1347
      4 1348
      3 1350
      2 1351
     19 1352
     10 1353
      2 1354
      2 1355
      5 1356
     24 1357
      1 1358
      4 1359
      3 1360
      9 1361
     12 1362
      2 1363
     17 1364
     26 1365
      1 1366
      1 1367
     71 1368
      3 1369
      5 1370
    152 1371
     26 1372
      9 1373
     71 1374
     93 1375
      6 1376
     57 1377
      6 1378
      1 1379
      8 1380
      1 1381
      2 1382
     21 1383
      2 1384
      2 1385
      7 1387
      2 1388
      3 1389
      1 1390
      2 1392
     25 1393
      2 1394
     17 1395
      7 1396
      2 1397
      9 1398
     19 1399
      8 1400
      2 1401
     12 1402
      4 1403
     73 1404
     24 1405
      9 1406
      7 1407
     17 1408
      2 1409
     10 1410
      5 1411
      7 1412
     13 1413
    162 1414
      4 1415
     42 1416
      3 1417
     20 1418
     26 1419
     12 1420
     29 1421
      7 1422
     47 1423
     47 1424
     25 1425
     15 1426
     19 1427
     48 1428
     14 1429
     57 1430
     16 1431
      6 1432
     28 1433
     12 1434
     19 1435
     16 1436
      6 1437
     19 1438
      6 1439
     89 1440
     11 1441
      7 1442
     68 1443
    148 1444
     56 1445
     12 1446
      5 1447
     19 1448
      9 1449
     11 1450
     14 1451
     31 1452
     41 1453
     10 1454
     21 1455
     13 1456
     15 1457
     39 1458
     14 1459
     27 1460
    102 1461
      7 1462
     55 1463
   1069 1464
     19 1465
     49 1466
     57 1467
      1 1468
     42 1469
     17 1470
     18 1471
      7 1472
     28 1473
     60 1474
    126 1475
    409 1476
      8 1477
     22 1478
     14 1479
     17 1480
     18 1481
     34 1482
     11 1483
      3 1484
     20 1485
     11 1486
     18 1487
    667 1488
     25 1489
      9 1490
    143 1491
      5 1492
     89 1493
    165 1494
     57 1495
    336 1496
     82 1497
     26 1498
      9 1499
    172 1500
     40 1501
     20 1502
     51 1503
     12 1504
     11 1505
     16 1506
     32 1507
     24 1508
     51 1509
     57 1510
      7 1511
     15 1512
     10 1513
     12 1514
     29 1515
      8 1516
     41 1517
     88 1518
     17 1519
      7 1520
     93 1521
     17 1522
      9 1523
     91 1524
     42 1525
     19 1526
    151 1527
     90 1528
     16 1529
    530 1530
    365 1531
     28 1532
   1332 1533
    610 1534
    117 1535
    933 1536
    383 1537
     31 1538
   2936 1539
    266 1540
     16 1541
  12382 1542
    410 1543
     16 1544
   1244 1545
     52 1546
     25 1547
   5703 1548
     35 1549
     34 1550
   1402 1551
     19 1552
      5 1553
    953 1554
     13 1555
     10 1556
    657 1557
     13 1558
      1 1559
    273 1560
     59 1561
    434 1563
      7 1564
      2 1565
    197 1566
      8 1567
     70 1569
      3 1570
     68 1572
     13 1573
      2 1574
    139 1575
     16 1576
     74 1578
      2 1579
     26 1581
      9 1582
     28 1583
     59 1584
      2 1585
      1 1586
     74 1587
    182 1590
      1 1591
    186 1593
     23 1594
      2 1595
     18 1596
     41 1597
      1 1598
    307 1599
      1 1600
     96 1602
      4 1603
     67 1605
      9 1606
     24 1608
      6 1609
     15 1611
      1 1612
      1 1613
     40 1614
     60 1617
      1 1618
     39 1620
     11 1623
     13 1626
      1 1627
      8 1629
      2 1632
      2 1635
      1 1636
     10 1638
      1 1640
      9 1641
     15 1644
      4 1647
     29 1650
      1 1651
     83 1653
      2 1656
      1 1659
      9 1662
      1 1666
     12 1668
      1 1671
      4 1674
      3 1677
      2 1680
      2 1683
      1 1686
      6 1689
     12 1707
      8 1710
      3 1713
      2 1716
      5 1719
      3 1722
      1 1723
      1 1725
      1 1731
      2 1734
      1 1735
      4 1737
      5 1740
      2 1746
      5 1749
      4 1752
      4 1755
      1 1756
      1 1761
      3 1764
      2 1769
     30 1770
      2 1785
      3 1796
      1 1797
     16 1803
      1 1806
      2 1818
      2 1819
     47 1821
      1 1848
      1 1855
      1 1935
      2 1974
      1 1989
      1 2070
      1 2082
      1 2247
      2 2298
      1 2401
      1 2412
      2 2426
      1 2432
      3 2542
      7 2543
      1 2785
      3 2787
      1 2789
      1 2797
      1 2829
      1 2847
      1 2863
      1 2867
      1 2916
      2 2926
      2 3193
      1 3957
      1 6350
      1 7659
