1 1 1 1 allNCBI_ChordataOnly
2 1 1 1 allNCBI_ChordataOnly
3 0.994162315358194 0.993840847499384 0.994001555437486 allNCBI_ChordataOnly
4 0.992142119778747 0.991515767430402 0.991828844717244 allNCBI_ChordataOnly
5 0.990468699393883 0.988867331855137 0.989667367837082 allNCBI_ChordataOnly
6 0.984000124150346 0.976333456516383 0.98015179855003 allNCBI_ChordataOnly
7 0.956576309312295 0.903624661246612 0.929346836325054 allNCBI_ChordataOnly
1 1 1 1 NOboldNCBI_ChordataOnly
2 1 1 1 NOboldNCBI_ChordataOnly
3 0.99153686647056 0.991106719367589 0.991321746257503 NOboldNCBI_ChordataOnly
4 0.989604688743639 0.988865323435843 0.989234867937266 NOboldNCBI_ChordataOnly
5 0.988610038610039 0.987371059481346 0.987990160613515 NOboldNCBI_ChordataOnly
6 0.983299754836517 0.976308686011761 0.979791749809527 NOboldNCBI_ChordataOnly
7 0.959491094147583 0.908801696712619 0.9334587582929 NOboldNCBI_ChordataOnly
1	1	1	1 OnlyBoldNCBI_ChordataOnly
2	1	1	1 OnlyBoldNCBI_ChordataOnly
3	0.998735412075008	0.998591091362306	0.99866324650457  OnlyBoldNCBI_ChordataOnly
4	0.997325333429718	0.996820924099563	0.997073064970731 OnlyBoldNCBI_ChordataOnly
5	0.996744556174492	0.995484267186879	0.996114013049686 OnlyBoldNCBI_ChordataOnly
6	0.993683064076965	0.98880098262346	0.991236012023322  OnlyBoldNCBI_ChordataOnly
7	0.979129263913824	0.945702828655034	0.962125806273775 OnlyBoldNCBI_ChordataOnly
